37.27465832     37.27465832     37.27465832     37.27465832     37.27465592     37.23541258     37.20656332     37.18402021     37.16572198     37.15048146     37.13754916     37.12642021     37.11673788     37.1082407      37.10073138
37.09405747     37.08809886     37.08275929     37.07796053     37.07363823     37.06973884     37.06621744     37.06303598     37.06016202     37.05756774     37.05522911     37.05312531     37.0512382      37.04955193     37.0480526
37.046728       37.04556738     37.04456125     37.04370126     37.04298004     37.04239109     37.04192871     37.04158791     37.0413643      37.04125413     37.04125413

37.27465832     37.27465832     37.27465832     37.27465832     37.27465592     37.23541258     37.20656332     37.18402021     37.16572198     37.15048146     37.13754916     37.12642021     37.11673788     37.1082407      37.10073138
37.09405747     37.08809886     37.08275929     37.07796053     37.07363823     37.06973884     37.06621744     37.06303598     37.06016202     37.05756774     37.05522911     37.05312531     37.0512382      37.04955193     37.0480526
37.046728       37.04556738     37.04456125     37.04370126     37.04298004     37.04239109     37.04192871     37.04158791     37.0413643      37.04125413     37.04125413

37.26707494     37.26707494     37.26707494     37.26707494     37.26707277     37.23206934     37.2047574      37.18289144     37.16494423     37.14990962     37.13710945     37.12607097     37.11645362     37.10800485     37.10053264
37.09388782     37.08795245     37.08263172     37.07784845     37.073539       37.06965039     37.06613808     37.06296434     37.06009697     37.05750834     37.05517458     37.05307497     37.05119147     37.04950832     37.04801167
37.04668937     37.04553072     37.04452625     37.04366766     37.04294759     37.04235957     37.04189791     37.04155763     37.04133437     37.04122436     37.04122436

37.25970056     37.25970056     37.25970056     37.25970056     37.25969856     37.22750435     37.20181935     37.18088543     37.16349824     37.14882038     37.13626012     37.12539054     37.11589665     37.10754092     37.10014058
37.09355245     37.08766254     37.08237881     37.077626       37.0733419      37.06947455     37.06598022     37.06282176     37.05996747     37.05739005     37.05506593     37.05297463     37.05109832     37.04942136     37.04793005
37.04661233     37.04545758     37.04445644     37.04360062     37.04288284     37.04229667     37.04183644     37.0414972      37.04127463     37.04116495     37.04116495

37.2525298      37.2525298      37.2525298      37.2525298      37.25252792     37.2224517      37.1982279      37.1782656      37.16152849     37.14729628     37.13505083     37.12441035     37.11508777     37.1068632      37.09956537
37.09305877     37.08723469     37.08200479     37.07729649     37.07304953     37.06921343     37.06574556     37.06260966     37.05977466     37.05721382     37.05490399     37.05282502     37.05095935     37.04929158     37.04780819
37.04649728     37.04534834     37.04435213     37.04350045     37.04278608     37.04220265     37.04174455     37.04140687     37.04118531     37.04107613     37.04107613

37.24555704     37.24555704     37.24555704     37.24555704     37.24555526     37.21720521     37.19426622     37.175235       37.15916891     37.14542436     37.13353886     37.12316897     37.11405365     37.10599064     37.0988208
37.09241705     37.08667668     37.08151567     37.07686462     37.07266564     37.06887004     37.06543658     37.06233005     37.05952025     37.05698109     37.05468996     37.05262716     37.05077546     37.04911976     37.04764679
37.04634483     37.04520355     37.04421383     37.04336759     37.04265771     37.0420779      37.04162262     37.04128699     37.04106677     37.04095825     37.04095825

37.23877681     37.23877681     37.23877681     37.23877681     37.23877511     37.21189986     37.19009942     37.17193617     37.15652803     37.14328329     37.13178042     37.12170671     37.1128235      37.10494474     37.09792293
37.09163949     37.08599792     37.08091882     37.07633623     37.07219491     37.06844819     37.06505639     37.06198553     37.0592064      37.05669368     37.0544254      37.05238238     37.05054781     37.04890692     37.04744674
37.04615578     37.04502392     37.04404218     37.04320265     37.04249831     37.04192296     37.04147114     37.04113805     37.04091947     37.04081176     37.04081176

37.2321838      37.2321838      37.2321838      37.23218379     37.23218217     37.20660521     37.18582661     37.16846678     37.15368892     37.14093901     37.12982621     37.12006206     37.11142654     37.10374776     37.0968889
37.09073941     37.08520888     37.08022255     37.07571801     37.07164277     37.06795232     37.06460865     37.06157915     37.05883567     37.05635377     37.05411219     37.0520923      37.05027779     37.04865429     37.04720912
37.0459311      37.04481031     37.04383799     37.04300636     37.04230855     37.04173846     37.04129073     37.04096062     37.04074399     37.04063724     37.04063724

37.22577282     37.22577282     37.22577282     37.22577282     37.22577126     37.20136037     37.18150982     37.16489401     37.15071379     37.13844465     37.12771971     37.1182698      37.10989033     37.1024215      37.09573597
37.08973055     37.08432058     37.07943575     37.07501719     37.07101515     37.06738732     37.06409746     37.06111435     37.05841098     37.05596385     37.05375244     37.05175876     37.04996702     37.04836327     37.04693519
37.04567191     37.04456376     37.04360218     37.04277958     37.04208922     37.04152514     37.04108209     37.0407554      37.040541       37.04043535     37.04043535

37.21953886     37.21953886     37.21953886     37.21953886     37.21953737     37.19618868     37.17718933     37.16126475     37.14764903     37.13584229     37.12549718     37.11636031     37.10823986     37.10098637     37.09448076
37.08862647     37.08334409     37.07856753     37.07424128     37.07031829     37.06675843     37.0635272      37.06059484     37.05793549     37.05552662     37.0533485      37.05138381     37.04961728     37.04803544     37.04662637
37.04537948     37.0442854      37.04333579     37.04252326     37.04184122     37.04128387     37.04084603     37.04052317     37.04031127     37.04020684     37.04020684

37.21347704     37.21347704     37.21347704     37.21347704     37.2134756      37.19110456     37.17289221     37.15761232     37.14452936     37.133165       37.12318844     37.11435954     37.10649728     37.09946101     37.09313887
37.08744016     37.08229024     37.07762693     37.07339786     37.06955856     37.06607101     37.06290246     37.06002453     37.05741256     37.05504499     37.0529029      37.05096964     37.04923052     37.04767254     37.04628417
37.04505519     37.04397649     37.04303998     37.04223847     37.04156556     37.04101557     37.04058347     37.0402648      37.04005563     37.03995255     37.03995255

37.20758259     37.20758259     37.20758259     37.20758259     37.2075812      37.1861171      37.16863706     37.1539608      37.14138099     37.13043875     37.12081778     37.11228939     37.10468184     37.09786209     37.09172457
37.08618377     37.08116937     37.07662271     37.07249437     37.06874231     37.06533051     37.06222787     37.05940742     37.05684565     37.05452197     37.05241826     37.05051858     37.04880879     37.04727638     37.04591026
37.04470052     37.04363837     37.04271598     37.04192637     37.04126331     37.04072128     37.04029537     37.03998123     37.03977503     37.0396734      37.0396734

37.20185089     37.20185089     37.20185089     37.20185089     37.20184956     37.18123195     37.16443692     37.15032783     37.13822385     37.12768398     37.11840495     37.11016821     37.10281011     37.0962043      37.09025073
37.08486851     37.07999115     37.07556323     37.07153803     37.06787575     37.06454227     37.06150808     37.05874755     37.05623828     37.05396064     37.05189731     37.05003301     37.04835421     37.04684889     37.04550633
37.04431704     37.04327249     37.04236513     37.04158819     37.04093563     37.04040209     37.03998279     37.0396735      37.03947046     37.03937038     37.03937038

37.19627746     37.19627746     37.19627746     37.19627746     37.19627617     37.1764525      37.160301       37.1467265      37.13507325     37.12491685     37.11596602     37.10801129     37.10089626     37.0945005      37.08872884
37.08350452     37.07876452     37.07445631     37.07053565     37.06696484     37.06371151     37.06074766     37.05804892     37.05559397     37.0533641      37.05134279     37.04951541     37.047869       37.04639202     37.0450742
37.04390637     37.04288034     37.0419888      37.04122521     37.04058373     37.04005915     37.03964684     37.03934266     37.03914296     37.03904453     37.03904453

37.19085792     37.19085792     37.19085792     37.19085792     37.19085668     37.17178061     37.1562358      37.14316659     37.13194097     37.12215019     37.11351403     37.10583136     37.09895233     37.09276181     37.08716905
37.08210097     37.07749764     37.07330921     37.06949368     37.06601527     37.06284325     37.05995103     37.05731544     37.0549162      37.05273546     37.05075745     37.04896822     37.04735535     37.04590779     37.04461567
37.04347018     37.04246345     37.04158842     37.04083878     37.04020887     37.03969367     37.03928866     37.03898984     37.03879364     37.03869693     37.03869693

37.18558802     37.18558802     37.18558802     37.18558802     37.18558682     37.16721703     37.15224589     37.13965544     37.1288362      37.11939421     37.11105962     37.10363901     37.09698854     37.09099789     37.0855803
37.080666       37.07619791     37.07212859     37.06841807     37.06503236     37.06194225     37.05912244     37.05655091     37.05420834     37.05207773     37.05014403     37.04839391     37.0468155      37.04539821     37.04413259
37.04301018     37.0420234      37.04116545     37.04043026     37.03981237     37.03930689     37.03890947     37.03861621     37.03842365     37.03832873     37.03832873

37.18046363     37.18046363     37.18046363     37.18046363     37.18046247     37.16276173     37.14833444     37.13619853     37.12576606     37.11665707     37.10861147     37.10144306     37.09501353     37.08921702     37.08397037
37.07920688     37.07487201     37.07092052     37.06731434     37.0640211      37.06101299     37.05826594     37.05575897     37.05347369     37.05139388     37.04950519     37.0477949      37.04625165     37.04486531     37.04362682
37.04252807     37.04156177     37.04072139     37.04000106     37.03939553     37.03890008     37.03851048     37.03822296     37.03803416     37.03794108     37.03794108

37.17548074     37.17548074     37.17548074     37.17548074     37.17547961     37.15841413     37.1445035      37.13279996     37.12273611     37.11394529     37.10617668     37.09925084     37.09303465     37.08742633     37.08234609
37.07773        37.07352589     37.06969052     37.06618755     37.0629861      37.06005968     37.05738533     37.05494308     37.05271537     37.05068676     37.04884354     37.04717356     37.04566597     37.04431108     37.0431002
37.04202556     37.04108016     37.04025772     37.0395526      37.03895972     37.03847453     37.03809295     37.03781131     37.03762636     37.03753517     37.03753517

37.17063543     37.17063543     37.17063543     37.17063543     37.17063434     37.15417321     37.14075434     37.12946275     37.11975065     37.11126409     37.10376105     37.09706846     37.09105808     37.08563195     37.08071338
37.07624103     37.07216488     37.06844355     37.06504229     37.06193161     37.05908621     37.0564842      37.0541065      37.05193639     37.04995911     37.04816159     37.0465322      37.04506059     37.04373748     37.04255455
37.04150434     37.04058015     37.03977594     37.03908628     37.03850628     37.03803155     37.03765813     37.0373825      37.03720146     37.03711221     37.03711221

37.1659239      37.1659239      37.1659239      37.1659239      37.16592285     37.15003766     37.1370876      37.12618907     37.11681301     37.10861765     37.10136931     37.094901       37.08908905     37.08383911     37.07907739
37.07474492     37.0707937      37.06718407     37.06388274     37.06086151     37.05809619     37.05556587     37.05325232     37.05113958     37.04921354     37.04746173     37.04587305     37.04443756     37.04314642     37.04199164
37.04096609     37.04006332     37.03927754     37.03860352     37.03803656     37.03757243     37.0372073      37.03693774     37.03676069     37.0366734      37.0366734

37.16134247     37.16134247     37.16134247     37.16134247     37.16134146     37.14600594     37.13350344     37.12298041     37.11392574     37.10600927     37.09900532     37.09275266     37.08713198     37.0820523      37.07744256
37.07324602     37.06941656     37.06591608     37.06271269     37.05977937     37.05709295     37.05463344     37.05238341     37.0503276      37.04845254     37.04674629     37.04519823     37.04379888     37.04253976     37.04141322
37.04041243     37.03953121     37.03876398     37.03810572     37.03755192     37.03709847     37.0367417      37.03647829     37.03630527     37.03621995     37.03621995

37.15688755     37.15688755     37.15688755     37.15688755     37.15688656     37.14207633     37.13000165     37.11983775     37.11109074     37.10344158     37.09667223     37.09062697     37.0851906      37.08027537     37.07581277
37.07174815     37.06803715     37.06464316     37.06153555     37.0586884      37.05607953     37.05368977     37.05150245     37.04950297     37.04767843     37.04601743     37.04450979     37.04314646     37.04191929     37.04082098
37.03984497     37.03898532     37.03823669     37.03759426     37.03705366     37.03661095     37.03626259     37.03600537     37.03583639     37.03575306     37.03575306

37.15255562     37.15255562     37.15255562     37.15255562     37.15255467     37.138247       37.1265817      37.11676163     37.1083094      37.10091662     37.09437257     37.0885268      37.08326804     37.07851159     37.07419134
37.07025463     37.06665875     37.06336848     37.06035437     37.05759154     37.05505871     37.05273749     37.05061193     37.04866802     37.04689343     37.04527722     37.04380969     37.04248212     37.04128674     37.04021655
37.03926524     37.03842713     37.03769709     37.03707048     37.03654309     37.03611115     37.03577121     37.03552018     37.03535526     37.03527393     37.03527393

37.14834331     37.14834331     37.14834331     37.14834331     37.14834239     37.13451602     37.12324286     37.11375227     37.10558268     37.09843597     37.0921084      37.08645456     37.08136694     37.07676374     37.07258114
37.06876838     37.06528426     37.06209487     37.05917191     37.05649145     37.05403303     37.05177903     37.04971414     37.04782493     37.04609958     37.04452762     37.04309974     37.04180761     37.04064376     37.03960148
37.03867474     37.03785807     37.03714654     37.0365357      37.0360215      37.03560029     37.03526876     37.03502392     37.03486306     37.03478373     37.03478373

37.14424731     37.14424731     37.14424731     37.14424731     37.14424642     37.1308814      37.1199842      37.11080959     37.10291122     37.0960008      37.08988132     37.08441219     37.0794895      37.07503419     37.07098467
37.0672919      37.06391619     37.06082486     37.05799064     37.0553905      37.0530048      37.0508166      37.0488112      37.04697572     37.04529882     37.04377046     37.0423817      37.04112458     37.03999192     37.03897729
37.0380749      37.0372795      37.03658637     37.0359912      37.03549012     37.03507959     37.03475644     37.03451776     37.03436094     37.0342836      37.0342836

37.14026441     37.14026441     37.14026441     37.14026441     37.14026354     37.12734114     37.11680465     37.1079333      37.10029536     37.09361198     37.08769261     37.08240129     37.07763754     37.07332496     37.06940402
37.06582741     37.06255679     37.05956066     37.05681273     37.05429086     37.05197611     37.04985223     37.04790507     37.04612226     37.04449293     37.04300743     37.04165721     37.04043459     37.03933272     37.03834541
37.0374671      37.03669277     37.03601785     37.03543822     37.03495015     37.03455023     37.03423539     37.03400284     37.03385003     37.03377466     37.03377466

37.13639148     37.13639148     37.13639148     37.13639148     37.13639064     37.12389317     37.11370302     37.10512292     37.09773521     37.09127009     37.08554324     37.08042312     37.07581257     37.07163772     37.06784104
37.0643768      37.061208       37.05830423     37.05564017     37.05319445     37.05094887     37.04888776     37.04699752     37.04526628     37.04368358     37.04224016     37.04092779     37.03973913     37.03866757     37.0377072
37.03685266     37.03609913     37.03544222     37.03487796     37.03440276     37.03401335     37.03370675     37.03348026     37.03333142     37.03325802     37.03325802

37.13262549     37.13262549     37.13262549     37.13262549     37.13262467     37.12053543     37.11067805     37.10237785     37.09523068     37.08897549     37.08343392     37.0784787      37.07401585     37.06997391     37.06629725
37.0629417      37.05987151     37.05705732     37.05447468     37.05210302     37.04992477     37.04792486     37.0460902      37.04440937     37.0428723      37.04147011     37.04019489     37.03903957     37.03799783     37.03706396
37.03623283     37.0354998      37.03486065     37.03431157     37.03384908     37.03347004     37.03317158     37.03295109     37.03280619     37.03273472     37.03273472

37.12896348     37.12896348     37.12896348     37.12896348     37.12896269     37.11726588     37.10772841     37.09969733     37.09278153     37.08672834     37.08136516     37.07656881     37.07224836     37.06833469     37.06477399
37.06152354     37.05854881     37.05582144     37.05331783     37.05101811     37.04890537     37.04696507     37.04518461     37.04355299     37.04206053     37.04069868     37.03945984     37.03833723     37.03732474     37.03641691
37.0356088      37.03489593     37.03427427     37.03374013     37.03329018     37.03292138     37.03263094     37.03241637     37.03227535     37.0322058      37.0322058

37.12540259     37.12540259     37.12540259     37.12540259     37.12540182     37.11408246     37.10485271     37.09708054     37.09038738     37.08452865     37.07933727     37.07469404     37.07051092     37.06672103     37.06327234
37.06012352     37.05724118     37.05459793     37.05217096     37.04994111     37.04789205     37.04600976     37.0442821      37.04269848     37.04124957     37.03992715     37.03872391     37.03763331     37.0366495      37.0357672
37.03498168     37.03428863     37.03368416     37.03316472     37.0327271      37.03236836     37.03208584     37.03187709     37.0317399      37.03167223     37.03167223

37.12194002     37.12194002     37.12194002     37.12194002     37.12193927     37.11098315     37.10204952     37.09452656     37.08804774     37.08237629     37.07735044     37.07285479     37.06880414     37.06513374     37.06179325
37.05874268     37.05594974     37.05338796     37.05103531     37.04887326     37.04688605     37.04506018     37.04338392     37.04184706     37.04044063     37.03915671     37.03798825     37.03692896     37.03597321     37.03511593
37.03435255     37.03367894     37.03309133     37.03258633     37.03216082     37.03181198     37.03153723     37.03133421     37.03120078     37.03113496     37.03113496

37.11857306     37.11857306     37.11857306     37.11857306     37.11857233     37.10796591     37.09931741     37.09203442     37.08576204     37.08027101     37.07540469     37.07105135     37.06712849     37.06357344     37.06033746
37.05738188     37.05467544     37.05219255     37.04991192     37.04781564     37.0458885      37.04411745     37.04249118     37.04099986     37.03963483     37.03838845     37.03725393     37.03622523     37.03529692     37.03446411
37.03372241     37.03306783     37.03249676     37.0320059      37.03159227     37.03125314     37.03098602     37.03078864     37.0306589      37.0305949      37.0305949

37.11529906     37.11529906     37.11529906     37.11529906     37.11529836     37.10502877     37.09665491     37.08960309     37.08352962     37.07821247     37.07349995     37.06928386     37.06548431     37.06204062     37.05890561
37.05604185     37.0534191      37.05101258     37.04880173     37.04676922     37.04490038     37.04318257     37.04160491     37.04015789     37.03883316     37.03762337     37.03652196     37.03552311     37.03462159     37.0338127
37.0330922      37.03245624     37.03190135     37.03142435     37.03102236     37.03069275     37.03043311     37.03024124     37.03011512     37.03005291     37.03005291

37.11211547     37.11211547     37.11211547     37.11211547     37.11211478     37.10216977     37.09406056     37.08723151     37.08134976     37.07620024     37.07163604     37.06755235     37.06387181     37.06053566     37.0574982
37.0547232      37.0521814      37.04984882     37.04770555     37.04573487     37.04392257     37.04225647     37.04072603     37.03932208     37.03803657     37.0368624      37.03579325     37.03482351     37.03394813     37.03316259
37.03246279     37.03184504     37.03130596     37.03084252     37.03045192     37.03013163     37.02987931     37.02969284     37.02957027     37.0295098      37.0295098

37.10901977     37.10901977     37.10901977     37.10901977     37.10901911     37.09938697     37.09153288     37.08491861     37.0792217      37.07423385     37.06981272     37.06585679     37.06229113     37.05905883     37.05611562
37.05342643     37.05096292     37.0487019      37.0466241      37.04471333     37.04295587     37.04133994     37.03985536     37.03849327     37.0372459      37.03610639     37.03506866     37.03412728     37.03327738     37.03251461
37.03183502     37.03123504     37.03071142     37.03026122     37.02988176     37.02957057     37.02932541     37.02914423     37.02902512     37.02896637     37.02896637

37.10600956     37.10600956     37.10600956     37.10600956     37.10600892     37.09667848     37.0890704      37.08266325     37.07714464     37.07231274     37.06802965     37.06419704     37.0607423      37.05761029     37.05475816
37.05215192     37.04976415     37.04757238     37.04555797     37.04370526     37.04200097     37.04043371     37.03899365     37.03767222     37.03646192     37.03535612     37.03434895     37.03343518     37.03261012     37.03186954
37.03120965     37.030627       37.03011847     37.0296812      37.02931261     37.02901032     37.02877216     37.02859614     37.02848043     37.02842335     37.02842335

37.10308246     37.10308246     37.10308246     37.10308246     37.10308184     37.09404243     37.08667167     37.08046433     37.07511774     37.07043632     37.06628647     37.0625729      37.05922527     37.05619015     37.05342604
37.0509 37.04858548     37.04646073     37.0445077      37.04271123     37.04105848     37.03953842     37.03814156
37.03685961     37.03568532     37.03461229     37.03363485     37.03274795     37.03194705     37.03122809     37.0305874      37.03002165     37.02952783     37.02910317     37.02874519     37.02845158     37.02822026     37.02804928
37.02793688     37.02788143     37.02788143

37.10023619     37.10023619     37.10023619     37.10023619     37.10023558     37.091477       37.08433523     37.07832071     37.07314012     37.06860395     37.06458273     37.06098412     37.05773993     37.05479843     37.05211938
37.04967089     37.04742723     37.04536733     37.04347372     37.04173173     37.04012892     37.03865464     37.03729968     37.03605605     37.03491673     37.03387554     37.032927       37.03206623     37.03128885     37.03059093
37.02996894     37.02941965     37.02894015     37.0285278      37.02818016     37.02789502     37.02767035     37.02750429     37.02739513     37.02734127     37.02734127

37.0974685      37.0974685      37.0974685      37.0974685      37.09746791     37.08898039     37.08205966     37.07623126     37.07121093     37.06681499     37.06291797     37.05943037     37.05628613     37.05343509     37.05083827
37.04846475     37.04628963     37.04429249     37.04245641     37.04076719     37.03921277     37.03778286     37.03646855     37.0352621      37.03415673     37.03314646     37.032226       37.03139062     37.03063611     37.02995867
37.02935487     37.02882161     37.02835607     37.02795569     37.02761813     37.02734125     37.02712307     37.02696181     37.02685579     37.02680349     37.02680349

37.09477724     37.09477724     37.09477724     37.09477724     37.09477667     37.08655084     37.07984352     37.07419483     37.06932924     37.06506873     37.06129167     37.05791132     37.05486364     37.05210003     37.04958269
37.04728169     37.04517287     37.04323647     37.04145608     37.03981795     37.03831043     37.03692352     37.03564862     37.03447824     37.03340582     37.03242557     37.03153238     37.03072169     37.02998941     37.02933187
37.02874577     37.0282281      37.02777615     37.02738743     37.02705968     37.02679084     37.02657899     37.0264224      37.02631945     37.02626866     37.02626866

37.09216028     37.09216028     37.09216028     37.09216028     37.09215973     37.08418664     37.07768542     37.0722103      37.06749417     37.06336447     37.0597033      37.05642657     37.05347222     37.05079311     37.04835263
37.04612175     37.04407708     37.04219944     37.04047297     37.03888433     37.03742223     37.036077       37.03484031     37.03370491     37.03266446     37.03171335     37.03084665     37.03005993     37.02934925     37.02871106
37.02814216     37.02763966     37.02720092     37.02682355     37.02650535     37.02624433     37.02603864     37.0258866      37.02578664     37.02573732     37.02573732

37.08961559     37.08961559     37.08961559     37.08961559     37.08961505     37.08188611     37.07558399     37.07027653     37.06570479     37.06170148     37.05815229     37.05497571     37.05211155     37.04951415     37.04714798
37.04498494     37.04300232     37.04118156     37.03950728     37.03796656     37.03654846     37.03524362     37.03404397     37.0329425      37.03193305     37.03101023     37.03016923     37.02940579     37.02871609     37.0280967
37.02754453     37.02705677     37.02663088     37.02626454     37.02595564     37.02570223     37.02550253     37.02535491     37.02525786     37.02520998     37.02520998

37.08714116     37.08714116     37.08714116     37.08714116     37.08714063     37.0796476      37.07353786     37.06839241     37.0639602      37.06007903     37.05663807     37.05355829     37.05078133     37.04826292     37.04596863
37.0438712      37.04194862     37.04018291     37.03855915     37.03706484     37.03568936     37.03442366     37.03325992     37.03219134     37.03121197     37.03031658     37.02950052     37.02875968     37.02809035     37.02748923
37.0269533      37.02647987     37.02606647     37.02571086     37.02541099     37.02516499     37.02497112     37.02482781     37.02473358     37.0246871      37.0246871

37.08473505     37.08473505     37.08473505     37.08473505     37.08473454     37.0774695      37.07154569     37.06655682     37.06225948     37.05849636     37.05516003     37.05217383     37.04948119     37.04703918     37.04481441
37.04278045     37.04091598     37.03920355     37.03762871     37.03617933     37.03484514     37.03361736     37.03248841     37.03145172     37.03050151     37.02963273     37.02884089     37.02812198     37.02747243     37.02688903
37.02636889     37.02590938     37.02550812     37.02516293     37.02487185     37.02463304     37.02444484     37.02430571     37.02421424     37.02416911     37.02416911

37.08239537     37.08239537     37.08239537     37.08239537     37.08239488     37.07535025     37.06960617     37.06476868     37.06060171     37.05695274     37.05371757     37.05082186     37.04821077     37.04584264     37.04368513
37.04171258     37.03990434     37.03824348     37.036716       37.03531013     37.03401594     37.0328249      37.03172968     37.03072389     37.02980197     37.028959       37.02819064     37.02749301     37.02686266     37.02629648
37.02579166     37.02534567     37.02495619     37.02462114     37.02433859     37.02410677     37.02392408     37.02378902     37.02370022     37.02365641     37.02365641

37.0801203      37.0801203      37.0801203      37.0801203      37.08011982     37.07328831     37.06771802     37.0630269      37.058986       37.0554474      37.05231005     37.04950187     37.04696965     37.04467301     37.04258056
37.04066745     37.03891362     37.03730269     37.03582106     37.03445734     37.03320189     37.03204644     37.0309839      37.03000808     37.02911358     37.02829564     37.02755005     37.02687308     37.02626136     37.02571188
37.02522194     37.02478907     37.02441105     37.02408583     37.02381157     37.02358655     37.02340921     37.0232781      37.0231919      37.02314937     37.02314937

37.07790805     37.07790805     37.07790805     37.07790805     37.07790758     37.07128218     37.06587997     37.0613304      37.05741143     37.05397959     37.05093687     37.04821335     37.04575743     37.04352995     37.04150047
37.03964487     37.03794373     37.03638112     37.0349439      37.03362099     37.03240306     37.03128211     37.03025123     37.02930445     37.02843654     37.02764287     37.02691938     37.02626243     37.02566879     37.02513553
37.02466003     37.0242399      37.023873       37.02355733     37.02329112     37.0230727      37.02290055     37.02277329     37.02268962     37.02264833     37.02264833

37.07575688     37.07575688     37.07575688     37.07575688     37.07575643     37.0693304      37.06409078     37.05967814     37.05587712     37.05254856     37.04959738     37.04695578     37.04457369     37.04241314     37.04044459
37.03864467     37.03699451     37.03547871     37.03408448     37.0328011      37.03161952     37.03053198     37.0295318      37.02861317     37.02777103     37.0270009      37.02629883     37.02566132     37.02508521     37.02456768
37.02410619     37.02369844     37.02334232     37.02303593     37.02277754     37.02256552     37.02239843     37.0222749      37.02219367     37.0221536      37.0221536

37.07366511     37.07366511     37.07366511     37.07366511     37.07366467     37.06743154     37.06234923     37.05806908     37.05438218     37.05115355     37.04829096     37.04572862     37.04341799     37.04132221     37.03941264
37.03766662     37.03606583     37.03459534     37.03324275     37.03199767     37.0308513      37.02979614     37.0288257      37.02793435     37.02711719     37.02636988     37.02568859     37.02506993     37.02451083     37.02400857
37.02356068     37.02316492     37.02281928     37.0225219      37.02227109     37.0220653      37.02190311     37.02178319     37.02170435     37.02166545     37.02166545

37.0716311      37.0716311      37.0716311      37.0716311      37.07163067     37.06558421     37.06065413     37.0565022      37.05292574     37.04979382     37.04701696     37.04453134     37.04228987     37.04025679     37.03840433
37.03671048     37.03515751     37.0337309      37.03241863     37.03121064     37.0300984      37.02907461     37.02813299     37.02726809     37.02647515     37.02574996     37.02508883     37.02448843     37.02394584     37.02345839
37.02302369     37.02263958     37.02230411     37.02201546     37.02177202     37.02157227     37.02141483     37.02129844     37.02122191     37.02118415     37.02118415

37.06965324     37.06965324     37.06965324     37.06965324     37.06965283     37.06378706     37.05900433     37.05497649     37.05150694     37.04846863     37.04577475     37.0433634      37.04118889     37.03921652     37.03741935
37.03577603     37.03426935     37.03288524     37.03161204     37.03043998     37.02936079     37.0283674      37.02745372     37.02661446     37.02584499     37.02514126     37.02449966     37.02391699     37.0233904      37.02291732
37.02249542     37.02212262     37.021797       37.02151684     37.02128055     37.02108666     37.02093384     37.02082086     37.02074658     37.02070992     37.02070992

37.06773        37.06773        37.06773        37.06773        37.0677296      37.06203876     37.05739867     37.05349098     37.05012493     37.04717724     37.04456371     37.04222427     37.04011458     37.038201       37.03645737
37.03486298     37.03340115     37.03205821     37.03082285     37.02968561     37.02863845     37.02767452     37.02678791     37.0259735      37.02522679     37.02454386     37.0239212      37.02335573     37.02284466     37.02238551
37.02197603     37.0216142      37.02129815     37.02102622     37.02079686     37.02060867     37.02046033     37.02035067     37.02027856     37.02024298     37.02024298

37.06585987     37.06585987     37.06585987     37.06585987     37.06585948     37.06033802     37.05583605     37.0520447      37.04877886     37.04591893     37.0433832      37.0411134      37.03906649     37.03720984     37.03551807
37.03397108     37.03255268     37.03124963     37.03005094     37.02894743     37.02793131     37.02699593     37.02613556     37.02534524     37.0246206      37.02395783     37.02335355     37.02280475     37.02230874     37.0218631
37.02146567     37.02111447     37.02080772     37.02054377     37.02032114     37.02013847     37.01999449     37.01988804     37.01981804     37.01978351     37.01978351

37.06404137     37.06404137     37.06404137     37.06404137     37.06404099     37.05868357     37.05431538     37.0506367      37.04746791     37.04469298     37.04223261     37.04003025     37.03804416     37.03624265     37.03460111
37.03310004     37.03172373     37.03045932     37.02929616     37.02822534     37.0272393      37.0263316      37.02549667     37.02472969     37.02402645     37.02338323     37.02279677     37.02226413     37.02178273     37.02135021
37.02096446     37.02062358     37.02032583     37.02006964     37.01985354     37.01967623     37.01953647     37.01943314     37.01936519     37.01933167     37.01933167

37.06227308     37.06227308     37.06227308     37.06227308     37.06227271     37.0570742      37.05283559     37.04926605     37.04619128     37.04349868     37.04111131     37.03897429     37.03704711     37.03529903     37.03370616
37.03224958     37.03091404     37.02968708     37.02855835     37.02751921     37.02656233     37.02568145     37.02487118     37.02412684     37.02344435     37.02282009     37.02225091     37.02173395     37.02126671     37.02084691
37.0204725      37.02014163     37.01985263     37.01960395     37.01939419     37.01922208     37.01908641     37.01898611     37.01892016     37.01888762     37.01888762

37.06055362     37.06055362     37.06055362     37.06055362     37.06055326     37.05550871     37.05139565     37.04793184     37.04494817     37.04233534     37.0400187      37.03794498     37.03607488     37.03437857     37.03283286
37.0314194      37.03012338     37.02893271     37.02783735     37.02682892     37.02590031     37.02504543     37.02425907     37.02353668     37.0228743      37.02226843     37.021716       37.02121426     37.02076075     37.02035329
37.01998988     37.01966872     37.0193882      37.01914681     37.01894321     37.01877614     37.01864445     37.01854709     37.01848307     37.01845148     37.01845148

37.05888164     37.05888164     37.05888164     37.05888164     37.05888129     37.05398593     37.04999453     37.04663319     37.04373779     37.04120226     37.03895416     37.03694179     37.03512702     37.03348088     37.03198088
37.0306092      37.02935149     37.02819599     37.02713299     37.02615433     37.02525311     37.02442345     37.02366027     37.02295917     37.02231629     37.02172826     37.02119207     37.02070508     37.0202649      37.01986941
37.01951666     37.01920493     37.01893264     37.01869833     37.01850069     37.01833852     37.01821069     37.01811617     37.01805403     37.01802337     37.01802337

37.05725582     37.05725582     37.05725582     37.05725582     37.05725548     37.05250473     37.04863125     37.04536922     37.04255938     37.04009878     37.03791711     37.03596421     37.03420305     37.03260554     37.03114985
37.02981868     37.0285981      37.02747671     37.02644507     37.02549527     37.02462063     37.02381541     37.02307471     37.02239425     37.02177029     37.02119955     37.02067913     37.02020645     37.0197792      37.01939531
37.01905291     37.01875033     37.01848601     37.01825857     37.01806673     37.0179093      37.01778521     37.01769347     37.01763314     37.01760338     37.01760338

37.05567489     37.05567489     37.05567489     37.05567489     37.05567456     37.051064       37.04730483     37.04413909     37.04141218     37.03902422     37.03690695     37.0350117      37.03330253     37.03175217     37.03033944
37.02904754     37.02786296     37.02677464     37.02577341     37.0248516      37.02400272     37.02322122     37.02250231     37.02184187     37.02123626     37.02068229     37.02017716     37.01971836     37.01930365     37.01893102
37.01859867     37.01830496     37.01804839     37.01782761     37.01764138     37.01748857     37.01736811     37.01727905     37.01722049     37.0171916      37.0171916

37.05413762     37.05413762     37.05413762     37.05413762     37.0541373      37.04966266     37.04601434     37.04294195     37.04029547     37.03797794     37.03592312     37.03408376     37.032425       37.03092036     37.02954928
37.02829547     37.0271458      37.02608955     37.02511781     37.02422315     37.02339925     37.02264075     37.02194299     37.02130196     37.02071415     37.02017646     37.01968616     37.01924082     37.01883828     37.01847658
37.01815397     37.01786886     37.01761981     37.0174055      37.01722472     37.01707638     37.01695945     37.01687299     37.01681615     37.0167881      37.0167881

37.05264279     37.05264279     37.05264279     37.05264279     37.05264248     37.04829967     37.04475885     37.041777       37.03920851     37.03695929     37.03496503     37.03317989     37.03157001     37.03010971     37.02877903
37.02756216     37.02644636     37.0254212      37.02447807     37.02360974     37.02281008     37.02207388     37.02139664     37.02077445     37.0202039      37.019682       37.01920609     37.01877382     37.01838308     37.01803198
37.01771882     37.01744207     37.01720031     37.01699227     37.01681678     37.01667278     37.01655927     37.01647535     37.01642016     37.01639293     37.01639293

37.05118924     37.05118924     37.05118924     37.05118924     37.05118893     37.046974       37.04353746     37.04064344     37.03815061     37.03596764     37.03403214     37.03229958     37.03073713     37.02931984     37.02802835
37.02684731     37.02576435     37.02476937     37.023854       37.02301121     37.02223506     37.02152051     37.02086316     37.02025925     37.01970545     37.01919886     37.01873692     37.01831732     37.01793804     37.01759723
37.01729325     37.01702459     37.01678991     37.01658796     37.01641761     37.01627782     37.01616763     37.01608616     37.01603259     37.01600615     37.01600615

37.04977582     37.04977582     37.04977582     37.04977582     37.04977552     37.04568467     37.0423493      37.0395405      37.03712107     37.03500239     37.03312388     37.03144235     37.02992591     37.02855035     37.02729689
37.02615061     37.02509953     37.02413383     37.02324537     37.02242737     37.02167404     37.02098048     37.02034245     37.01975627     37.01921873     37.018727       37.0182786      37.01787131     37.01750314     37.01717232
37.01687724     37.01661645     37.01638863     37.01619259     37.01602722     37.01589152     37.01578455     37.01570546     37.01565346     37.0156278      37.0156278

37.04840143     37.04840143     37.04840143     37.04840143     37.04840114     37.0444307      37.04119352     37.03846741     37.03611922     37.03406293     37.03223974     37.03060772     37.02913593     37.02780087     37.0265843
37.02547177     37.02445162     37.02351432     37.022652       37.02185805     37.02112686     37.02045368     37.01983439     37.01926541     37.01874365     37.01826635     37.0178311      37.01743575     37.01707836     37.01675723
37.01647079     37.01621763     37.01599648     37.01580618     37.01564564     37.01551391     37.01541007     37.01533329     37.0152828      37.01525789     37.01525789

37.04706498     37.04706498     37.04706498     37.04706498     37.04706471     37.04321115     37.04006927     37.03742344     37.0351444      37.03314866     37.03137917     37.02979521     37.02836676     37.02707102     37.02589027
37.02481048     37.02382035     37.02291063     37.02207367     37.02130306     37.02059337     37.01993997     37.01933886     37.01878659     37.01828014     37.01781684     37.01739435     37.01701059     37.01666367     37.01635194
37.01607389     37.01582814     37.01561346     37.01542872     37.01527288     37.01514499     37.01504419     37.01496965     37.01492064     37.01489646     37.01489646

37.04576544     37.04576544     37.04576544     37.04576544     37.04576517     37.0420251      37.03897577     37.03640786     37.03419597     37.03225903     37.03054166     37.02900437     37.027618       37.02636042     37.02521444
37.02416644     37.02320546     37.02232251     37.02151018     37.02076223     37.0200734      37.0194392      37.01885575     37.0183197      37.01782811     37.0173784      37.0169683      37.01659578     37.01625903     37.01595643
37.01568651     37.01544796     37.01523956     37.01506022     37.01490893     37.01478479     37.01468692     37.01461457     37.01456699     37.01454351     37.01454351

37.04450178     37.04450178     37.04450178     37.04450178     37.04450152     37.04087166     37.0379122      37.03541999     37.0332733      37.03139345     37.02972671     37.02823474     37.02688923     37.02566871     37.0245565
37.02353938     37.02260669     37.02174974     37.02096132     37.02023537     37.0195668      37.01895124     37.01838494     37.01786463     37.01738747     37.01695095     37.01655288     37.01619128     37.0158644      37.01557066
37.01530864     37.01507706     37.01487476     37.01470066     37.0145538      37.01443328     37.01433828     37.01426804     37.01422185     37.01419906     37.01419906

37.04327302     37.04327302     37.04327302     37.04327302     37.04327276     37.03974997     37.03687781     37.03445913     37.03237577     37.03055139     37.02893383     37.02748588     37.02618006     37.02499554     37.02391613
37.02292899     37.0220238      37.02119209     37.02042689     37.01972231     37.01907341     37.01847596     37.0179263      37.01742127     37.01695812     37.01653442     37.01614803     37.01579703     37.01547972     37.01519459
37.01494024     37.01471544     37.01451906     37.01435005     37.01420748     37.01409049     37.01399826     37.01393007     37.01388523     37.0138631      37.0138631

37.04207818     37.04207818     37.04207818     37.04207818     37.04207793     37.03865917     37.03587185     37.03352461     37.0315028      37.02973232     37.02816254     37.02675735     37.0254901      37.02434056     37.02329301
37.02233501     37.02145652     37.02064934     37.01990669     37.01922287     37.01859308     37.0180132      37.01747971     37.01698953     37.01653999     37.01612873     37.01575367     37.01541297     37.01510496     37.01482818
37.01458128     37.01436306     37.01417242     37.01400836     37.01386996     37.01375638     37.01366685     37.01360065     37.01355712     37.01353564     37.01353564

37.04091633     37.04091633     37.04091633     37.04091633     37.04091609     37.03759846     37.03489359     37.0326158      37.03065381     37.02893571     37.02741237     37.02604875     37.02481898     37.02370343     37.02268685
37.02175715     37.02090461     37.02012126     37.01940052     37.01873687     37.01812564     37.01756285     37.01704506     37.0165693      37.01613297     37.0157338      37.01536975     37.01503904     37.01474007     37.0144714
37.01423173     37.0140199      37.01383483     37.01367557     37.01354121     37.01343095     37.01334404     37.01327977     37.01323751     37.01321666     37.01321666

37.03978656     37.03978656     37.03978656     37.03978656     37.03978633     37.03656702     37.03394233     37.03173205     37.02982822     37.02816106     37.02668287     37.02535966     37.02416633     37.02308382     37.02209734
37.02119516     37.02036783     37.01960764     37.0189082      37.01826415     37.01767095     37.01712475     37.01662222     37.01616047     37.01573698     37.01534954     37.01499619     37.01467519     37.01438498     37.01412419
37.01389154     37.01368591     37.01350626     37.01335166     37.01322123     37.01311419     37.01302982     37.01296743     37.0129264      37.01290616     37.01290616

37.03868799     37.03868799     37.03868799     37.03868799     37.03868777     37.03556409     37.03301737     37.03087277     37.02902551     37.02740787     37.0259736      37.02468969     37.02353179     37.02248141     37.02152419
37.02064876     37.01984596     37.01910828     37.01842954     37.01780453     37.01722886     37.01669879     37.01621108     37.01576294     37.01535192     37.01497588     37.01463292     37.01432134     37.01403966     37.01378651
37.01356068     37.01336107     37.01318668     37.0130366      37.01290999     37.01280608     37.01272417     37.0126636      37.01262377     37.01260412     37.01260412

37.03761975     37.03761975     37.03761975     37.03761975     37.03761953     37.0345889      37.03211805     37.03003735     37.02824512     37.02667568     37.02528412     37.02403845     37.02291501     37.02189589     37.02096713
37.02011772     37.01933876     37.01862297     37.01796435     37.01735786     37.01679923     37.01628483     37.01581153     37.01537661     37.01497771     37.01461274     37.01427987     37.01397745     37.01370404     37.01345832
37.01323911     37.01304535     37.01287607     37.01273037     37.01260746     37.01250659     37.01242707     37.01236827     37.01232961     37.01231053     37.01231053

37.03658101     37.03658101     37.03658101     37.03658101     37.0365808      37.03364073     37.03124373     37.02922522     37.02748656     37.02596401     37.02461404     37.02340557     37.02231567     37.02132695     37.02042589
37.01960179     37.01884601     37.01815152     37.01751247     37.01692398     37.01638192     37.01588275     37.01542345     37.01500139     37.01461426     37.01426005     37.01393698     37.01364346     37.01337808     37.01313957
37.01292679     37.01273871     37.01257438     37.01243295     37.01231363     37.01221571     37.01213851     37.01208143     37.01204389     37.01202537     37.01202537

37.03557095     37.03557095     37.03557095     37.03557095     37.03557074     37.03271887     37.03039378     37.02843582     37.02674932     37.02527244     37.02396294     37.02279069     37.02173344     37.02077432     37.01990021
37.01910073     37.01836752     37.01769374     37.01707373     37.01650275     37.01597679     37.01549244     37.01504675     37.01463717     37.01426149     37.01391773     37.01360418     37.0133193      37.01306173     37.01283022
37.01262369     37.01244111     37.0122816      37.0121443      37.01202847     37.01193341     37.01185847     37.01180305     37.01176661     37.01174863     37.01174863

37.03458878     37.03458878     37.03458878     37.03458878     37.03458858     37.03182261     37.02956758     37.02766861     37.02603292     37.02460052     37.02333045     37.02219347     37.02116801     37.02023771     37.01938984
37.01861434     37.01790308     37.01724946     37.01664796     37.01609401     37.01558372     37.01511377     37.01468131     37.01428388     37.01391931     37.01358571     37.01328141     37.01300493     37.01275493     37.01253023
37.01232975     37.01215253     37.01199768     37.0118644      37.01175196     37.01165967     37.01158692     37.01153312     37.01149774     37.01148028     37.01148028

37.03363372     37.03363372     37.03363372     37.03363372     37.03363353     37.0309513      37.02876454     37.02692307     37.02533689     37.02394784     37.02271619     37.02161358     37.02061909     37.01971686     37.01889454
37.01814238     37.01745251     37.0168185      37.01623502     37.01569764     37.01520259     37.01474664     37.01432705     37.01394142     37.01358766     37.01326393     37.01296862     37.01270028     37.01245764     37.01223955
37.01204495     37.01187293     37.01172261     37.01159323     37.01148407     37.01139448     37.01132384     37.01127161     37.01123727     37.01122032     37.01122032

37.03270504     37.03270504     37.03270504     37.03270504     37.03270485     37.03010429     37.02798411     37.0261987      37.0246608      37.02331402     37.02211981     37.0210507      37.0200864      37.01921152     37.0184141
37.01768468     37.01701562     37.01640071     37.01583478     37.01531352     37.01483328     37.01439096     37.01398388     37.01360972     37.01326646     37.01295232     37.01266574     37.01240532     37.01216983     37.01195814
37.01176926     37.01160227     37.01145636     37.01133076     37.01122478     37.0111378      37.01106923     37.01101852     37.01098517     37.01096872     37.01096872

37.031802       37.031802       37.031802       37.031802       37.03180182     37.02928093     37.02722571     37.02549501     37.02400421     37.02269865     37.02154098     37.02050454     37.01956968     37.01872146     37.0179483
37.01724103     37.01659226     37.01599594     37.01544708     37.01494152     37.0144757      37.01404663     37.01365172     37.01328871     37.01295565     37.01265083     37.01237273     37.01212        37.01189144     37.01168598
37.01150264     37.01134054     37.01119889     37.01107696     37.01097408     37.01088963     37.01082305     37.01077382     37.01074144     37.01072547     37.01072547

37.0309239      37.0309239      37.0309239      37.0309239      37.03092372     37.02848062     37.02648883     37.02481153     37.02336671     37.0221014      37.02097938     37.01997482     37.01906866     37.01824645     37.01749695
37.01681128     37.01618226     37.01560406     37.01507183     37.01458154     37.01412976     37.01371358     37.01333049     37.01297832     37.01265518     37.01235941     37.01208954     37.01184428     37.01162245     37.01142303
37.01124506     37.01108771     37.0109502      37.01083182     37.01073194     37.01064994     37.0105853      37.01053749     37.01050606     37.01049054     37.01049054

37.03007004     37.03007004     37.03007004     37.03007004     37.03006986     37.02770277     37.02577294     37.02414781     37.02274792     37.02152191     37.0204347      37.01946127     37.01858314     37.0177863      37.01705987
37.01639525     37.01578549     37.01522494     37.01470891     37.01423349     37.01379537     37.01339172     37.01302013     37.0126785      37.01236499     37.01207801     37.01181614     37.01157812     37.01136283     37.01116926
37.01099651     37.01084375     37.01071025     37.01059532     37.01049834     37.01041873     37.01035596     37.01030953     37.01027901     37.01026394     37.01026394

37.02923976     37.02923976     37.02923976     37.02923976     37.02923959     37.0269468      37.02507757     37.02350344     37.02214746     37.02095986     37.01990667     37.01896364     37.01811288     37.01734081     37.0166369
37.01599282     37.01540184     37.01485849     37.01435823     37.01389729     37.01347245     37.013081       37.01272059     37.01238919     37.01208505     37.0118066      37.01155249     37.01132149     37.01111254     37.01092465
37.01075695     37.01060865     37.01047904     37.01036744     37.01027327     37.01019596     37.01013501     37.01008993     37.01006028     37.01004565     37.01004565

37.0284324      37.0284324      37.0284324      37.0284324      37.02843223     37.02621217     37.02440222     37.022878       37.02156498     37.02041496     37.01939503     37.01848172     37.0176577      37.01690982     37.0162279
37.01560385     37.01503119     37.0145046      37.01401971     37.01357286     37.01316095     37.01278136     37.01243182     37.01211037     37.01181531     37.01154514     37.01129856     37.01107438     37.01087157     37.01068918
37.01052638     37.01038239     37.01025654     37.01014818     37.01005672     37.00998164     37.00992244     37.00987866     37.00984986     37.00983565     37.00983565

37.02764733     37.02764733     37.02764733     37.02764733     37.02764717     37.02549834     37.02374646     37.02227112     37.02100015     37.01988691     37.01889954     37.0180153      37.01721742     37.01649319     37.01583274
37.01522825     37.01467345     37.0141632      37.01369329     37.01326016     37.01286083     37.01249276     37.01215378     37.01184199     37.01155575     37.01129362     37.01105434     37.01083676     37.0106399      37.01046284
37.01030477     37.01016497     37.01004275     37.00993751     37.00984869     37.00977576     37.00971826     37.00967573     37.00964775     37.00963395     37.00963395

37.02688395     37.02688395     37.02688395     37.02688395     37.02688379     37.02480479     37.02310984     37.02168242     37.02045267     37.01937547     37.01841998     37.0175642      37.0167919      37.01609079     37.01545131
37.01486592     37.01432855     37.01383424     37.01337891     37.01295913     37.01257204     37.01221519     37.01188646     37.01158404     37.01130636     37.01105202     37.01081981     37.01060863     37.01041752     37.01024561
37.01009213     37.00995636     37.00983766     37.00973544     37.00964916     37.00957831     37.00952245     37.00948112     37.00945395     37.00944054     37.00944054

37.02614164     37.02614164     37.02614164     37.02614164     37.02614149     37.02413104     37.02249198     37.02111157     37.01992227     37.01888042     37.01795617     37.01712827     37.01638102     37.01570252     37.01508355
37.01451681     37.01399645     37.01351767     37.01307654     37.01266977     37.01229458     37.01194861     37.01162984     37.01133652     37.01106713     37.01082033     37.01059496     37.01038997     37.01020443     37.01003751
37.00988845     37.00975658     37.00964127     37.00954196     37.00945813     37.00938929     37.00933501     37.00929485     37.00926844     37.0092554      37.0092554

37.02541982     37.02541982     37.02541982     37.02541982     37.02541968     37.02347662     37.02189247     37.02055827     37.01940869     37.01840154     37.01750796     37.01670739     37.01598467     37.01532831     37.0147294
37.01418088     37.01367711     37.01321348     37.01278619     37.01239206     37.01202843     37.01169304     37.01138392     37.01109942     37.01083806     37.01059856     37.01037981     37.0101808      37.01000063     37.00983852
37.00969373     37.00956562     37.00945358     37.00935708     37.00927561     37.0092087      37.00915593     37.0091169      37.00909123     37.00907856     37.00907856

37.02471794     37.02471794     37.02471794     37.02471794     37.0247178      37.02284106     37.02131096     37.02002222     37.01891172     37.01793868     37.01707521     37.01630148     37.01560281     37.01496813     37.01438883
37.01385812     37.01337054     37.01292167     37.01250785     37.01212602     37.01177362     37.01144848     37.01114873     37.01087275     37.01061916     37.01038672     37.01017436     37.00998112     37.00980614     37.00964865
37.00950798     37.00938348     37.0092746      37.00918079     37.00910159     37.00903655     37.00898524     37.00894728     37.00892232     37.00891        37.00891

37.02403544     37.02403544     37.02403544     37.02403544     37.0240353      37.02222395     37.02074714     37.01950319     37.01843118     37.0174917      37.01665785     37.01591047     37.0152354      37.01462196     37.01406185
37.01354854     37.01307677     37.01264228     37.01224155     37.01187167     37.01153017     37.01121497     37.01092428     37.01065655     37.01041046     37.01018483     37.00997863     37.00979095     37.00962096     37.00946793
37.00933121     37.00921019     37.00910433     37.00901312     37.00893609     37.00887283     37.00882292     37.008786       37.00876172     37.00874973     37.00874973

37.02337178     37.02337178     37.02337178     37.02337178     37.02337165     37.02162488     37.02020068     37.01900096     37.01796691     37.01706052     37.01625583     37.01553435     37.01488246     37.01428984     37.01374851
37.01325219     37.01279583     37.01237535     37.01198736     37.01162907     37.01129814     37.01099255     37.01071062     37.01045086     37.010212       37.00999293     37.00979266     37.00961031     37.00944512     37.00929637
37.00916344     37.00904575     37.00894279     37.00885406     37.00877912     37.00871756     37.008669       37.00863307     37.00860943     37.00859776     37.00859776

37.02272645     37.02272645     37.02272645     37.02272645     37.02272632     37.02104348     37.01967135     37.01851537     37.01751883     37.0166451      37.01586915     37.01517317     37.01454404     37.01397184     37.01344889
37.01296917     37.01252783     37.01212097     37.01174535     37.0113983      37.01107758     37.01078129     37.0105078      37.01025571     37.01002382     37.00981105     37.00961647     37.00943924     37.00927864     37.00913399
37.00900469     37.00889019     37.00878999     37.00870363     37.00863069     37.00857076     37.00852347     37.00848849     37.00846547     37.00845411     37.00845411

37.02209893     37.02209893     37.02209893     37.02209893     37.02209881     37.02047939     37.01915891     37.01804628     37.01708689     37.01624545     37.01549787     37.01482701     37.01422025     37.01366807     37.01316311
37.01269959     37.01227289     37.01187926     37.01151563     37.01117945     37.0108686      37.01058127     37.01031591     37.01007119     37.00984597     37.00963924     37.0094501      37.00927778     37.00912157     37.00898082
37.00885498     37.00874352     37.00864596     37.00856186     37.00849081     37.00843243     37.00838636     37.00835227     37.00832984     37.00831877     37.00831877

37.02148874     37.02148874     37.02148874     37.02148874     37.02148862     37.01993231     37.01866319     37.01759364     37.01667111     37.01586166     37.01514212     37.01449603     37.01391127     37.01337872     37.01289135
37.01244363     37.01203115     37.01165036     37.01129833     37.01097265     37.0106713      37.01039258     37.01013501     37.00989736     37.00967853     37.00947756     37.00929362     37.00912597     37.00897393     37.00883691
37.00871435     37.00860578     37.00851072     37.00842876     37.0083595      37.00830259     37.00825768     37.00822444     37.00820257     37.00819178     37.00819178

37.02089541     37.02089541     37.02089541     37.02089541     37.02089529     37.01940195     37.01818407     37.01715745     37.01627159     37.01549388     37.0148021      37.01418044     37.01361733     37.01310402     37.01263383
37.01220149     37.01180282     37.01143445     37.01109361     37.01077804     37.01048582     37.01021534     37.00996523     37.00973431     37.00952156     37.00932608     37.00914708     37.00898386     37.00883578     37.00870228
37.00858283     37.00847698     37.00838429     37.00830435     37.0082368      37.00818127     37.00813744     37.00810501     37.00808367     37.00807313     37.00807313

37.02031845     37.02031845     37.02031845     37.02031845     37.02031834     37.0188881      37.01772152     37.01673781     37.01588852     37.01514238     37.0144781      37.01388057     37.01333873     37.01284428     37.01239084
37.01197345     37.01158814     37.01123175     37.01090168     37.01059579     37.01031229     37.01004968     37.00980667     37.00958215     37.00937517     37.00918488     37.00901055     37.00885151     37.00870716     37.00857697
37.00846046     37.00835718     37.00826671     37.00818867     37.00812271     37.00806848     37.00802568     37.00799399     37.00797314     37.00796285     37.00796285

37.01975742     37.01975742     37.01975742     37.01975742     37.01975732     37.01839057     37.01727557     37.01633491     37.01552221     37.01480753     37.01417054     37.01359683     37.0130759      37.01259987     37.01216274
37.01175981     37.0113874      37.01104252     37.01072275     37.0104261      37.0101509      37.00989575     37.00965946     37.00944098     37.00923944     37.00905404     37.00888409     37.00872897     37.00858813     37.00846105
37.00834728     37.00824639     37.008158       37.00808174     37.00801726     37.00796425     37.0079224      37.00789142     37.00787103     37.00786096     37.00786096

37.01921189     37.01921189     37.01921189     37.01921189     37.01921178     37.01790928     37.01684638     37.0159491      37.01517311     37.01448985     37.01387996     37.01332976     37.01282933     37.01237126     37.01194993
37.01156097     37.01120093     37.01086704     37.01055708     37.01026919     37.01000183     37.00975371     37.00952373     37.00931093     37.00911447     37.00893364     37.00876779     37.00861632     37.00847873     37.00835455
37.00824332     37.00814466     37.0080582      37.00798358     37.00792048     37.00786859     37.00782762     37.00779729     37.00777733     37.00776747     37.00776747

37.01868142     37.01868142     37.01868142     37.01868142     37.01868132     37.0174442      37.01643426     37.0155809      37.01484188     37.01419005     37.01360705     37.01308002     37.01259964     37.01215902     37.01175294
37.01137736     37.0110291      37.01070565     37.01040494     37.01012529     37.00986528     37.00962374     37.00939964     37.00919211     37.00900038     37.00882378     37.00866171     37.00851363     37.00837904     37.00825752
37.00814864     37.00805203     37.00796733     37.00789423     37.00783239     37.00778154     37.00774138     37.00771165     37.00769207     37.00768241     37.00768241

37.01816559     37.01816559     37.01816559     37.01816559     37.0181655      37.01699549     37.01603973     37.01523109     37.01452942     37.01390905     37.01335274     37.01284846     37.0123876      37.01196382     37.01157233
37.01120947     37.01087235     37.0105587      37.01026664     37.00999466     37.00974148     37.00950602     37.00928735     37.00908467     37.00889728     37.00872455     37.00856594     37.00842095     37.00828911     37.00817001
37.00806327     37.00796852     37.00788544     37.00781371     37.00775303     37.00770311     37.00766369     37.00763449     37.00761528     37.00760579     37.00760579

37.01766401     37.01766401     37.01766401     37.01766401     37.01766392     37.01656345     37.01566363     37.01490078     37.01423696     37.0136481      37.01311817     37.01263612     37.01219412     37.01178643     37.01140876
37.01105786     37.01073114     37.01042658     37.01014251     37.00987759     37.00963065     37.00940073     37.009187       37.00898873     37.00880527     37.00863605     37.00848057     37.00833836     37.00820899     37.00809208
37.00798726     37.00789419     37.00781255     37.00774206     37.00768241     37.00763333     37.00759457     37.00756586     37.00754696     37.00753763     37.00753763

37.01717628     37.01717628     37.01717628     37.01717628     37.01717619     37.0161487      37.01530722     37.01459157     37.01396619     37.01340879     37.01290479     37.01244426     37.01202025     37.01162774     37.01126298
37.01092313     37.01060596     37.0103097      37.01003289     37.00977433     37.00953302     37.00930808     37.00909876     37.00890442     37.00872446     37.00855837     37.00840566     37.00826592     37.00813874     37.00802376
37.00792064     37.00782905     37.0077487      37.00767929     37.00762055     37.00757222     37.00753404     37.00750576     37.00748714     37.00747795     37.00747795

37.01670201     37.01670201     37.01670201     37.01670201     37.01670193     37.01575234     37.01497248     37.01430578     37.0137194      37.01319322     37.01271439     37.01227436     37.01186722     37.01148874     37.01113578
37.01080594     37.01049735     37.01020848     37.00993811     37.00968518     37.00944881     37.00922824     37.00902279     37.00883188     37.00865497     37.00849159     37.0083413      37.0082037      37.00807842     37.00796511
37.00786346     37.00777316     37.00769391     37.00762544     37.00756749     37.0075198      37.00748211     37.0074542      37.00743583     37.00742675     37.00742675

37.01624084     37.01624084     37.01624084     37.01624084     37.01624077     37.01537626     37.0146625      37.01404679     37.01349972     37.01300404     37.01254914     37.01212815     37.01173638     37.01137049     37.01102799
37.01070694     37.01040581     37.01012335     37.00985851     37.0096104      37.00937825     37.00916139     37.00895923     37.00877122     37.00859689     37.0084358      37.00828755     37.00815175     37.00802807     37.00791617
37.00781576     37.00772653     37.0076482      37.00758053     37.00752323     37.00747608     37.00743882     37.00741122     37.00739305     37.00738407     37.00738407

37.01579241     37.01579241     37.01579241     37.01579241     37.01579234     37.01502398     37.0143823      37.01381955     37.01331136     37.01284459     37.0124116      37.01200757     37.0116292      37.01127411     37.01094045
37.01062677     37.01033185     37.01005468     37.00979439     37.00955023     37.00932153     37.0091077      37.0089082      37.00872256     37.00855032     37.00839108     37.00824447     37.00811013     37.00798773     37.00787697
37.00777755     37.00768919     37.00761161     37.00754457     37.00748781     37.00744109     37.00740417     37.00737681     37.0073588      37.00734991     37.00734991

37.01535635     37.01535635     37.01535635     37.01535635     37.01535629     37.01470235     37.01414032     37.01363133     37.01315985     37.01271886     37.01230461     37.01191464     37.01154714     37.01120066     37.01087397
37.01056603     37.01027592     37.01000283     37.00974604     37.0095049      37.00927883     37.0090673      37.00886983     37.00868597     37.00851532     37.00835748     37.00821211     37.00807887     37.00795745     37.00784755
37.00774887     37.00766116     37.00758415     37.00751759     37.00746123     37.00741483     37.00737816     37.007351       37.00733311     37.00732428     37.00732428

37.01493234     37.01493234     37.01493234     37.01493234     37.01493228     37.01442644     37.01395107     37.01349254     37.01305203     37.0126313      37.01223108     37.01185131     37.01149153     37.01115108     37.01082922
37.01052523     37.01023841     37.0099681      37.00971368     37.00947458     37.00925028     37.00904031     37.0088442      37.00866154     37.00849195     37.00833505     37.00819052     37.00805801     37.00793724     37.00782791
37.00772974     37.00764247     37.00756584     37.00749959     37.0074435      37.00739732     37.00736082     37.00733379     37.00731598     37.00730719     37.00730719

37.01451985     37.01451985     37.01451985     37.01451985     37.0145198      37.01423392     37.01383912     37.01341667     37.01299531     37.01258613     37.01219355     37.01181919     37.01146344     37.01112609     37.01080671
37.01050474     37.01021958     37.00995068     37.00969745     37.00945939     37.00923599     37.00902679     37.00883137     37.00864931     37.00848025     37.00832383     37.00817971     37.00804758     37.00792714     37.00781809
37.00772018     37.00763312     37.00755668     37.00749059     37.00743463     37.00738856     37.00735215     37.00732518     37.00730741     37.00729864     37.00729864

37.01040189     37.01040189     37.01040189     37.01040189     37.01040207     37.01423392     37.01383912     37.01341667     37.01299531     37.01258613     37.01219355     37.01181919     37.01146344     37.01112609     37.01080671
37.01050474     37.01021958     37.00995068     37.00969745     37.00945939     37.00923599     37.00902679     37.00883137     37.00864931     37.00848025     37.00832383     37.00817971     37.00804758     37.00792714     37.00781809
37.00772018     37.00763312     37.00755668     37.00749059     37.00743463     37.00738856     37.00735215     37.00732518     37.00730741     37.00729864     37.00729864